	===> 整体检测识别的混淆矩阵 <===
[[345.   3.   4.   9.   6.   0. 200.]
 [  6.  14.   0.   1.   0.   0.   1.]
 [  5.   0.  29.   2.   0.   0.  10.]
 [  1.   0.   1.  18.   0.   0.  16.]
 [  9.   0.   0.   0.  29.   0.  44.]
 [  0.   0.   0.   0.   0.   4.   0.]
 [113.   4.   0.  37.  13.   0.   0.]]
===>		相关指标		<===
                Precision    Recall        F1
Class
Container        0.720251  0.608466  0.659655
cell-container   0.666667  0.636364  0.651162
Dredger          0.852941  0.630435  0.725000
ore-oil          0.268657  0.500000  0.349514
Fishing          0.604167  0.353659  0.446153
LawEnforce       1.000000  1.000000  0.999999
old_average      0.746619  0.625088  0.678606
new_average      0.624274  0.617886  0.598556
average          0.685447  0.621487  0.638581

	===> 整体检测识别的混淆矩阵 <===
[[338.   3.   4.   9.   6.   0. 207.]
 [  6.  15.   0.   1.   0.   0.   0.]
 [  5.   0.  29.   2.   0.   0.  10.]
 [  1.   0.   1.  18.   0.   0.  16.]
 [  9.   0.   0.   0.  29.   0.  44.]
 [  0.   0.   0.   0.   0.   4.   0.]
 [ 98.   4.   0.  31.  13.   0.   0.]]
===>		相关指标		<===
                Precision    Recall        F1
Class
Container        0.739606  0.596120  0.660156
cell-container   0.681818  0.681818  0.681818
Dredger          0.852941  0.630435  0.725000
ore-oil          0.295082  0.500000  0.371134
Fishing          0.604167  0.353659  0.446153
LawEnforce       1.000000  1.000000  0.999999
old_average      0.758122  0.636124  0.688991
new_average      0.633083  0.617886  0.605762
average          0.695602  0.627005  0.647377

	===> 整体检测识别的混淆矩阵 <===
[[349.   3.   4.   9.   6.   0. 196.]
 [  6.  15.   0.   1.   0.   0.   0.]
 [  6.   0.  29.   2.   0.   0.   9.]
 [  1.   0.   1.  18.   0.   0.  16.]
 [  9.   0.   0.   0.  30.   0.  43.]
 [  0.   0.   0.   0.   0.   4.   0.]
 [111.   4.   0.  31.  12.   0.   0.]]
===>		相关指标		<===
                Precision    Recall        F1
Class
Container        0.724066  0.615520  0.665395
cell-container   0.681818  0.681818  0.681818
Dredger          0.852941  0.630435  0.725000
ore-oil          0.295082  0.500000  0.371134
Fishing          0.625000  0.365854  0.461538
LawEnforce       1.000000  1.000000  0.999999
old_average      0.752942  0.642591  0.690737
new_average      0.640027  0.621951  0.610890
average          0.696485  0.632271  0.650814
